ax,ay,az
  15,   36,   55
  57,  172,  -43
  64,   95,   77
  24,   15,  -30
 -71,   62,   -7
 136,    9,  125
 -16,   24,    4
 -96,   50,   36
-114,   71,  105
 177,  -72,   57
 327,    2,   25
 -71,   78,   40
 -72,   61, -119
 -71,   -7,  -91
-181,  -40,  116
   2,  -51,   39
 436,  -69,   34
 -81,   40,   39
  33,  -69,   72
-392,   12,    4
 -56,   -9,   13
 -11,  -20,    2
-148,  -72,   52
-129,  -25,   20
 -58, -127,  -91
 113,  -50,   57
-257,   -2,   25
-247,  -55,  -77
 -19,  -60,  -56
  52,  -29,   47
 113, -131,   -8
 -16,    4,   85
  29,  -15,   62
  17,    1,   19
-197,  -10,  124
 -46, -101,   31
 134,  -20,   32
-117,   47,  -36
  -8,    2,   93
-193,  -16,   27
  25,  -20,   18
 -36,  -47,   50
-107,  -69,  -22
 -94,  -65,   50
 -33,   53,   -8
 -22, -137,  121
 -30,    5,   58
  33,   36,  102
-101,   35,    0
-176,  101,  -23
 162,   64, -161
 -77,   65,   -7
-125,  -93,  -66
 -62,  -32,  -45
   9,  -21,    0
   2,    4,   40
   6,    9, -104
 -95,   20,   63
  31,   76,   14
 -90,   20,   45
  68,  -54,    1
 187,  115,   41
 -47,   94,  -15
  52,   63,  -13
 105,   35,   -5
-138,   31,    0
-125,  158,   59
  34,  102,  122
 -36,  117,  -99
 106,   30,   51
 -12,   94,   75
 132,  -20,   26
-158,   52,  -13
-157,    4,   24
  99, -103,    1
 -47,  -44,  -23
  31,  -65,   40
  -4, -141,   37
-191,  -83,  -22
  -9,  -48,  -18
 -43,  -44,   32
  18,    0,    5
  -5,   -2,    3
  -4,    1,   -1
  -1,    0,    0
   0,   -1,    0
  -1,    0,    1
   0,   -2,    1
  -8,   -1,    2
   2,    1,    3
  -1,    0,    3
   0,    2,    5
  -3,    7,    9
  -2,   -2,    0
  -2,    0,    1
  -1,    0,    1
  -1,    0,    0
  -2,    0,    1
  -1,    0,   -1
  -2,   -1,    0
  -3,    0,    0
   0,    0,    2
  -2,    0,    0
  -2,    2,    2
  -1,    0,    1
  -1,   -2,    0
  -1,    1,    1
   0,    3,    2
  -1,    1,    1
   0,    2,    1
  -2,    0,    2
  -3,    2,    3
  -2,    1,    0
   2,    1,    2
  -1,    1,    2
   0,    0,    0
   0,   -1,   -1
  -2,    0,    0
  -1,    1,    2
  -1,    0,    0
  -1,    0,    2
  -2,    0,    1
  -2,    0,    2
  -1,   -1,    0
  -3,    2,    1
  -2,    0,    1
  -2,   -1,    0
  -1,    0,    2
  -2,    0,   -1
  -1,    2,    1
  -2,    0,    0
  -3,    0,    0
  -2,    1,    0
  -1,    1,    1
  -2,    3,    0
  -2,    1,    1
  -3,    1,    2
  -3,    1,    1
  -2,    1,    3
  -1,    1,    1
  -6,    1,    3
  -1,    0,   -1
   0,    2,    1
  -3,    0,    1
   0,    0,    1
  -1,    0,    0
  -1,   -1,    1
  -3,    0,   -1
  -1,    0,    1
  -2,    2,    1
  -2,    2,    1
  -3,    1,    0
  -2,    1,    1
  -2,    0,    2
  -1,    0,    0
  -1,    0,    0
  -1,    0,    0
  -2,    0,    0
  -1,    0,   -1
  -2,    0,    0
  -2,    1,    0
  -3,    1,    1
  -3,    1,    1
  -1,    0,    1
  -1,    1,    1
   0,   -1,    2
  -2,    0,    0
  -2,    0,    1
  -3,    1,    0
  -2,    1,    0
  -1,    1,    1
  -2,    0,    0
  -2,    1,    1
  -3,    0,    2
  -2,    1,    1
  -2,    1,    2
  -2,   -1,    0
  -1,    0,    1
  -1,    1,    0
  -1,    1,    0
  -2,    0,    0
  -2,    0,    2
  -2,    0,    0
  -2,   -1,    1
   0,    0,    0
  -1,    1,    0
  -1,    0,    2
  -2,   -1,    1
  -2,    0,    1
  -1,    0,    1
  -2,    1,    1
  -2,    0,    1
  -2,    1,    1
  -2,    1,    0
  -1,    0,   -1
  -1,    0,    1
  -2,    0,    1
  -2,    1,    1
  -3,    1,    1
  -1,    0,    2
  -2,    0,    1
  -2,    0,    1
  -1,    1,    2
  -1,    3,    0
  -1,    1,    1
  -1,    1,    1
  -2,   -1,    0
  -3,    0,    0
  -1,    0,    1
  -1,    2,    0
  -1,    1,    1
   0,    0,    0
  -1,    1,    0
  -1,   -1,    1
