ax,ay,az

  21,    0,   37

  52,  -80,   18

 -15, -173,  -39

 148,  -81,  -22

 -17,    3,   39

-101, -112,  -86

-187,  -76,  -54

 190,   13,   -9

-172,   56,  121

  -7,   -3,  117

 131,  -13,  -98

  72,  -44,  261

  44,   27,  137

 -11,   33,  -15

 -39,   -7,    7

  19,    8,  108

 -92,    3,   56

 -45,   60,  -52

  10,   19,   70

 120,  -37,    3

  -3,   29,   22

  27,   98,   13

 -29,   40,   19

  11,   64,    2

  16,   14,    6

   4,  -61,   27

   7,   -9,    4

 -51,  -17,  -53

   4,  -32,    6

  14,   12,    2

   5,   17,   -3

  -2,    5,    1

   1,    1,    0

   4,   -3,    0

   8,   -1,   -1

  28,   13,   -1

   2,   -9,  -22

  53,   43,   14

  38,    4,  -12

 -39,   45,  -26

  77,   17,  -21

  60,   -6,  -41

  90,  -19,   37

-126,   44,   10

 126,   -8,  -36

  72,   40,  -10

  78,   58,  -17

 149,   16,  -33

-381,  -57,   93

 100,   51,  -88

 227, -102,   73

  75,  125,    1

 122,  -26,   68

 -23,   12,   54

 -18,    8,   24

-311,  -70,   21

  79,   66,   44

-178,  -57,  -16

  54, -139,    9

-179,   36,   17

 -70,   67,    4

 131,  -40,  -24

 127,  -82,  -55

 306,  -11,   60

-220,   10,   90

 338, -103,  -24

 193,  -97,  -10

-193,   47,  -54

 -68,  -49,   29

  55,   27,  -11

 189,   -4,  -99

 156,  -37,   45

 -70,  -15,  -10

-257,   45,   10

-152,  -35,   41

 105,  -44,   46

-109,  -56,   13

 -43,  -27,   -2

 -30,  -18,   -1

 -33,  -16,    1

  -2,   -5,   -2

  -9,   -3,    1

   6,    2,    0

   3,   -2,    0

   7,   -3,    0

   2,   -1,    0

   0,   -3,   -1

  -5,   -2,    0

  -4,   -3,    0

  -3,   -3,    1

  -5,   -3,    0

   0,   -2,    0

   1,   -2,    0

   1,   -2,    0

  -1,   -1,   -1

  -2,   -1,   -1

  -2,   -2,    1

  -2,   -2,   -1

  -1,   -4,    0

  -2,   -2,    0

  -2,   -2,    0

  -1,   -2,   -2

   0,   -2,    0

  -1,   -3,    1

   0,   -3,    0

  -1,   -1,    0

  -1,   -1,    1

  -2,   -2,    1

  -2,   -3,    0

  -3,   -4,   -1

  -2,   -3,    0

  -1,   -2,    0

  -1,   -2,    0

  -1,   -3,   -1

   0,   -3,    0

   0,   -2,    0

  -2,   -1,    0

  -1,   -2,   -1

   0,   -2,    0

  -2,   -3,   -1

  -4,   -3,    0

   0,   -3,    0

  -2,   -4,   -1

   0,   -3,    0

   0,   -3,    1

  -2,   -3,    0

  -3,   -2,    0

  -2,   -1,    0

  -2,   -2,    0

   0,   -3,    0

  -2,   -3,    0

  -1,   -2,    0

  -1,   -3,    0

   0,   -3,    0

  -1,   -4,   -1

  -1,   -4,    0

  -1,   -2,    0

  -2,   -2,   -1

  -2,   -2,   -1

  -1,   -4,    0

  -2,   -2,    2

  -1,   -3,   -1

  -1,   -3,    0

  -1,   -2,    0

  -1,   -3,   -1

  -2,   -3,    0

  -2,   -3,   -1

  -1,   -3,   -1

  -2,   -1,    1

  -2,   -3,    0

  -1,   -3,    1

  -2,   -1,    1

  -1,   -3,   -1

   0,   -2,    0

   0,   -3,    0

  -3,   -3,   -1

  -2,   -2,    0

  -1,   -2,    0

  -1,   -2,    0

  -2,   -3,   -1

  -1,   -3,    0

  -1,   -3,    1

  -1,   -3,    1

   0,   -3,    0

  -1,   -4,    0

  -2,   -1,    0

  -2,   -2,    0

  -2,   -3,   -1

  -1,   -1,    0

  -2,   -1,    0

  -2,   -3,    1

  -3,   -2,    2

  -2,   -2,    1

  -1,   -4,    1

  -1,   -3,   -1

  -2,   -3,    1

  -1,   -2,   -1

  -2,   -1,    0

  -3,   -2,    1

  -1,   -2,    0

  -1,   -3,    0

  -4,   -3,    1

  -2,   -3,    0

   1,   -3,   -2

   0,   -3,    0

  -2,   -3,   -1

  -1,   -3,    0

  -2,   -2,   -1

  -4,   -3,   -1

  -2,   -3,    0

   0,   -1,    1

   0,   -3,    1

  -1,   -3,    0

  -3,   -3,    0

  -2,   -2,    1

  -2,   -3,    0

  -3,   -2,    1

  -2,   -2,    0

  -1,   -3,    0

  -1,   -2,   -1

  -1,   -2,    1

  -2,   -2,    0

  -2,   -3,    1

  -2,   -3,    1

   0,   -3,    0

  -1,   -2,   -1

  -1,   -3,   -1

end

