ax,ay,az

 -36,  -83,   -8

  10,  -35,   21

   0,  -10,   59

  79,  -15,   68

 -46,  -33,   43

  31,  -64,  -11

   0,    2,  103

  34,  -96,   78

 -95,  -67,   33

 241,  196,   37

  48,  -90,  -21

 -26, -119,    9

-109,    2,   48

 110,   -9,   -1

 155,  -38,  -25

   5, -118,   42

-297,   57,    9

-133,  -17,    3

 131,   84,   -2

  44,   39,   20

 -50,   22,    4

-106,   11,  -56

 -83,   13,   53

   6,   14,   27

 -10,   91,   25

   6,   19,   18

 -94,   27,  -24

-120,  -12,  -28

 -47,  -21,   -6

 -32,  -44,  -16

  83,  -40,    2

 -26,   53, -104

-319,  -13,  -76

  62,   25,   23

 118,   85,  -36

 177,   13,   17

 -10,  -65,    2

  57,   78,  -66

  80,  -34,   -9

  27,   70,   39

   1,    7,  -35

 -53,  103,   13

 -87,   -5,  -11

 -94,   82,   53

  52,  -37,   24

 -87,  -36,  -89

-142,   -3,   48

 -67,  109,   90

  20,  -45,   51

   4,  -11,   58

-172,   40,   70

 229,   17,  109

 -34,   -4,   81

 -75,   42,  -58

  73, -104,   13

  34,  -25,  -41

 307,  -36,    6

-118,   25,   18

-178,  112,  -22

 103,   41,   17

-130,  -98,  -23

  38,  -90,   40

 -25,  -27,   43

-106, -138,  -24

 -14,    2,   10

-100,  -48,   53

 -46,  -57,   -5

   2,  -61,   -1

 -71,  -55,   -9

  59,    7,   55

 -20,   -6,    6

 -13,  -17,   12

  -4,  -42,   -1

 -72,  -38,  -77

  11,  -30,    1

 -12,  -36,   16

  71,   16,   10

-176,   -3,  -52

-133,  -50,   11

  72,  -85,   60

 -16, -124,   94

 -91,   63,  -31

-113,   95,  -49

 -57,    5,  -47

 -60,  -67,  -11

 -80,  -39,   10

 -64,  -59,  -11

  98,  -49,  -17

 -12,   52,  -78

-324,  -26,   74

  58,  -80,   -5

 329,  -14,  -17

 159,   92,  -88

  23,   24,  -27

 218, -121,  -33

 -92,   49,   33

 227,   72,  -17

-272,  -54,   13

  20,   79,   63

 -85,    6,   95

-119,   87,  -75

-131,   39,  -35

  28,   -2,   -4

 -36,   14,    0

  14,   47,  -14

  27,  -27,   20

   4,  -23,    5

   9,   12,   -3

   3,    2,    1

   3,   -1,    1

  -3,   -2,    0

  -2,   -2,   -1

  -4,   -4,   -1

  -3,   -3,    0

  -3,   -3,   -2

  -3,   -2,    0

  -1,   -3,   -1

   0,   -1,    0

  -1,   -2,    2

  -1,   -2,    0

  -1,   -3,    1

  -1,   -1,   -2

  -1,   -3,    1

  -2,   -3,    0

  -4,   -2,    0

  -3,   -3,    0

  -2,   -2,   -1

  -2,   -1,    0

  -2,   -2,    1

  -2,   -2,    0

  -1,   -4,    0

  -1,   -3,    1

  -2,   -3,   -1

  -1,   -3,   -1

   0,   -3,    0

   0,   -3,    0

  -2,   -1,    0

  -2,   -4,    0

  -2,   -2,   -1

  -1,   -2,    1

  -1,   -4,    1

  -1,   -2,    0

  -2,   -1,   -1

  -2,   -3,   -1

  -1,   -3,    0

  -1,   -2,    0

  -2,   -3,    1

  -1,   -3,    1

  -1,   -1,    1

  -1,   -3,    0

  -1,   -4,    1

  -1,   -2,    1

  -5,   -3,    1

  -1,   -3,    0

  -1,   -3,   -1

  -2,   -3,   -1

  -1,   -4,    0

  -2,   -4,   -1

  -1,   -2,    1

  -2,   -3,   -1

  -1,   -2,    1

  -1,   -3,    0

  -2,   -4,    0

  -3,   -1,   -1

  -2,   -4,    0

  -1,   -3,    2

   0,   -3,    1

  -2,   -2,    0

  -1,   -4,   -1

  -1,   -3,    0

  -2,   -2,    0

  -1,   -2,    1

  -1,   -3,   -1

  -1,   -3,    0

  -3,   -2,    0

  -2,   -1,    1

  -2,   -3,    0

  -1,   -3,    0

  -2,   -2,    0

  -1,   -2,   -1

  -1,   -3,    0

  -1,   -2,    0

  -2,   -1,    0

  -2,   -3,    1

  -2,   -3,   -1

  -2,    0,    1

  -1,   -3,    0

  -1,   -4,    0

  -1,   -2,    0

  -2,   -3,   -1

  -3,   -3,    0

  -2,   -2,    0

  -1,   -3,    0

  -1,   -3,    0

  -2,   -3,    1

  -1,   -2,    1

  -1,   -3,    0

  -2,   -3,    0

  -3,   -2,    1

  -4,   -3,    1

  -2,   -3,    1

   0,   -3,    1

   0,   -3,    0

   0,   -2,    0

  -2,   -2,    0

  -1,   -3,   -1

  -1,   -4,    0

  -1,   -3,    0

  -2,   -2,    1

  -1,   -2,   -1

  -2,   -3,   -1

  -2,   -2,    0

  -2,   -3,   -1

  -1,   -4,    0

   0,   -4,    0

  -1,   -2,   -1

  -1,   -3,    1

  -2,   -3,    0

  -2,   -2,    0

  -2,   -4,    1

  -2,   -3,   -1

  -3,   -2,    0

  -1,   -3,    0

  -2,   -2,    0

  -1,   -3,    0

  -1,   -2,    0

  -2,   -3,    1

  -2,   -3,    0

  -2,   -3,    0

  -2,   -2,   -1

  -1,   -4,    0

  -2,   -2,    0

  -2,   -2,    0

  -1,   -2,   -1

end

